1 0 0
1 0 0
1 0 0
1 0 0
1 0 0
1 0 0
1 0 0
1 0 0
1 0 0
1 0 0
1 0 0
1 0 0
1 0 0
1 0 0
1 0 0
1 0 0
1 0 0
1 0 0
1 0 0
1 0 0
1 0 0
1 0 0
1 0 0
1 0 0
1 0 0
1 0 0
1 0 0
1 0 0
1 0 0
4 23 0
4 0 0
4 0 0
4 0 0
4 0 0
4 0 0
4 0 0
4 0 0
4 0 0
4 0 0
4 0 0
4 0 0
4 0 0
4 0 0
4 0 0
4 0 0
4 0 0
4 0 0
4 0 0
4 0 0
4 0 0
4 0 0
4 0 0
4 0 0
4 0 0
1 0 0
5 1 1
5 0 0
5 0 0
1 0 0
1 0 0
3 2410 0
3 0 0
1 0 0
3 0 0
3 0 0
3 0 0
3 0 0
1 0 0
3 0 0
3 0 0
3 2434 0
3 0 0
3 0 0
3 0 0
1 0 0
3 0 0
3 0 0
3 0 0
3 0 0
3 0 0
3 2507 0
1 0 0
3 0 0
3 0 0
3 0 0
3 0 0
3 0 0
3 0 0
1 0 0
1 0 0
1 0 0
1 0 0
1 0 0
1 0 0
1 0 0
1 0 0
1 0 0
1 0 0
1 0 0
1 0 0
1 0 0
1 0 0
1 0 0
1 0 0
1 0 0
1 0 0
1 0 0
1 0 0
1 0 0
1 0 0
1 0 0
1 0 0
1 0 0
1 0 0
5 0 0
5 0 0
5 0 0
1 0 0
1 0 0
1 0 0
1 0 0
1 0 0
1 0 0
1 0 0
1 0 0
1 0 0
1 0 0
1 0 0
1 0 0
1 0 0
1 0 0
1 0 0
1 0 0
1 0 0
1 0 0
1 0 0
1 0 0
1 0 0
1 0 0
1 0 0
1 0 0
1 0 0
1 0 0
1 0 0
1 0 0
1 0 0
1 0 0
1 0 0
1 0 0
1 0 0
1 0 0
1 0 0
1 0 0
1 0 0
1 0 0
1 0 0
1 0 0
1 0 0
1 0 0
1 0 0
1 0 0
1 0 0
1 0 0
1 0 0
1 0 0
1 0 0
1 0 0
1 0 0
1 0 0
1 0 0
1 0 0
1 0 0
1 0 0
5 0 0
5 0 0
5 0 0
1 0 0
1 0 0
3 0 0
3 0 0
1 0 0
3 0 0
3 0 0
3 0 0
3 0 0
1 0 0
3 2441 0
3 0 0
3 0 0
3 0 0
3 0 0
3 2446 0
1 0 0
3 0 0
3 0 0
3 0 0
3 0 0
3 0 0
3 0 0
1 0 0
3 0 0
3 0 0
3 0 0
3 0 0
3 0 0
3 2458 0
1 0 0
3 0 0
3 0 0
3 0 0
3 0 0
3 0 0
3 0 0
1 0 0
3 0 0
3 2459 0
3 0 0
3 0 0
3 0 0
1 0 0
3 0 0
3 0 0
3 0 0
3 0 0
3 0 0
1 0 0
3 0 0
3 0 0
3 0 0
3 0 0
3 2463 0
1 0 0
5 0 0
5 0 0
5 0 0
1 0 0
1 0 0
3 0 0
3 0 0
1 0 0
3 0 0
3 0 0
3 0 0
3 0 0
1 0 0
3 0 0
3 0 0
3 0 0
3 0 0
3 0 0
3 0 0
1 0 0
3 0 0
3 0 0
3 0 0
3 0 0
3 0 0
3 0 0
1 0 0
3 0 0
3 0 0
3 0 0
3 0 0
3 0 0
3 0 0
1 0 0
3 0 0
3 0 0
3 0 0
3 0 0
3 0 0
3 0 0
1 0 0
3 0 0
3 0 0
3 0 0
3 0 0
3 0 0
1 0 0
3 0 0
3 0 0
3 0 0
3 0 0
3 0 0
1 0 0
3 0 0
3 0 0
3 0 0
3 0 0
3 0 0
1 0 0
5 0 0
5 0 0
5 0 0
1 0 0
1 0 0
1 0 0
1 0 0
1 0 0
1 0 0
1 0 0
1 0 0
1 0 0
1 0 0
1 0 0
1 0 0
1 0 0
1 0 0
1 0 0
1 0 0
1 0 0
1 0 0
1 0 0
1 0 0
1 0 0
1 0 0
1 0 0
1 0 0
1 0 0
1 0 0
1 0 0
1 0 0
1 0 0
1 0 0
1 0 0
1 0 0
1 0 0
1 0 0
1 0 0
1 0 0
1 0 0
1 0 0
1 0 0
1 0 0
1 0 0
1 0 0
1 0 0
1 0 0
1 0 0
1 0 0
1 0 0
1 0 0
1 0 0
1 0 0
1 0 0
1 0 0
1 0 0
1 0 0
1 0 0
1 0 0
5 0 0
5 0 0
5 0 0
1 0 0
1 0 0
3 0 0
3 0 0
1 0 0
3 0 0
3 0 0
3 2485 0
3 0 0
1 0 0
3 0 0
3 0 0
3 0 0
3 0 0
3 0 0
3 2470 0
1 0 0
3 0 0
3 0 0
3 0 0
3 0 0
3 2475 0
3 0 0
1 0 0
3 0 0
3 0 0
3 0 0
3 0 0
3 0 0
3 2482 0
1 0 0
3 0 0
3 0 0
3 0 0
3 0 0
3 0 0
3 0 0
1 0 0
3 0 0
3 0 0
3 0 0
3 0 0
3 0 0
1 0 0
3 0 0
3 2455 0
3 0 0
3 0 0
3 0 0
1 0 0
3 0 0
3 0 0
3 0 0
3 0 0
3 0 0
1 0 0
5 0 0
5 0 0
5 0 0
1 0 0
1 0 0
3 0 0
3 0 0
1 0 0
3 0 0
3 0 0
3 0 0
3 0 0
1 0 0
3 0 0
3 0 0
3 0 0
3 0 0
3 0 0
3 0 0
1 0 0
3 0 0
3 0 0
3 0 0
3 0 0
3 0 0
3 0 0
1 0 0
3 0 0
3 0 0
3 0 0
3 0 0
3 0 0
3 0 0
1 0 0
3 0 0
3 0 0
3 0 0
3 0 0
3 0 0
3 2425 0
1 0 0
3 0 0
3 0 0
3 0 0
3 0 0
3 0 0
1 0 0
3 0 0
3 0 0
3 0 0
3 0 0
3 0 0
1 0 0
3 0 0
3 0 0
3 2481 0
3 0 0
3 0 0
1 0 0
5 0 0
5 0 0
5 0 0
1 0 0
1 0 0
1 0 0
1 0 0
1 0 0
1 0 0
1 0 0
1 0 0
1 0 0
1 0 0
1 0 0
1 0 0
1 0 0
1 0 0
1 0 0
1 0 0
1 0 0
1 0 0
1 0 0
1 0 0
1 0 0
1 0 0
1 0 0
1 0 0
1 0 0
1 0 0
1 0 0
1 0 0
1 0 0
1 0 0
1 0 0
1 0 0
1 0 0
1 0 0
1 0 0
1 0 0
1 0 0
1 0 0
1 0 0
1 0 0
1 0 0
1 0 0
1 0 0
1 0 0
1 0 0
1 0 0
1 0 0
1 0 0
1 0 0
1 0 0
1 0 0
1 0 0
1 0 0
1 0 0
1 0 0
1 0 0
5 0 0
5 0 0
5 0 0
1 0 0
1 0 0
3 0 0
3 2484 0
1 0 0
3 0 0
3 0 0
3 0 0
3 2488 0
1 0 0
6 0 0
6 0 0
3 2489 0
3 0 0
3 0 0
3 2492 0
1 0 0
3 0 0
3 0 0
3 2495 0
6 0 0
6 0 0
3 2496 0
1 0 0
3 0 0
3 0 0
3 0 0
3 0 0
3 2501 0
3 0 0
1 0 0
6 0 0
6 0 0
3 0 0
3 0 0
3 0 0
3 0 0
1 0 0
3 0 0
3 0 0
3 0 0
6 0 0
6 0 0
1 0 0
3 0 0
3 0 0
3 0 0
3 2464 0
3 0 0
1 0 0
3 0 0
3 2498 0
6 0 0
6 0 0
3 0 0
1 0 0
5 0 0
5 0 0
5 0 0
1 0 0
1 0 0
3 0 0
3 0 0
1 0 0
3 0 0
3 0 0
3 0 0
3 0 0
1 0 0
6 0 0
6 0 0
3 0 0
3 0 0
3 0 0
3 0 0
1 0 0
3 0 0
3 0 0
3 0 0
6 0 0
6 0 0
3 0 0
1 0 0
3 0 0
3 0 0
3 0 0
3 0 0
3 0 0
3 0 0
1 0 0
6 0 0
6 0 0
3 0 0
3 0 0
3 0 0
3 2503 0
1 0 0
3 0 0
3 0 0
3 0 0
6 0 0
6 0 0
1 0 0
3 0 0
3 0 0
3 0 0
3 0 0
3 0 0
1 0 0
3 0 0
3 0 0
6 0 0
6 0 0
3 0 0
1 0 0
5 0 0
5 0 0
5 0 0
1 0 0
1 0 0
1 0 0
1 0 0
1 0 0
1 0 0
1 0 0
1 0 0
1 0 0
1 0 0
1 0 0
1 0 0
1 0 0
1 0 0
1 0 0
1 0 0
1 0 0
1 0 0
1 0 0
1 0 0
1 0 0
1 0 0
1 0 0
1 0 0
1 0 0
1 0 0
1 0 0
1 0 0
1 0 0
1 0 0
1 0 0
1 0 0
1 0 0
1 0 0
1 0 0
1 0 0
1 0 0
1 0 0
1 0 0
1 0 0
1 0 0
1 0 0
1 0 0
1 0 0
1 0 0
1 0 0
1 0 0
1 0 0
1 0 0
1 0 0
1 0 0
1 0 0
1 0 0
1 0 0
1 0 0
1 0 0
5 0 0
5 0 0
5 0 0
1 0 0
1 0 0
3 0 0
3 0 0
1 0 0
3 2505 0
3 0 0
3 0 0
3 0 0
1 0 0
3 2509 0
3 0 0
3 0 0
3 0 0
3 0 0
3 0 0
1 0 0
3 0 0
3 0 0
3 0 0
3 2478 0
3 0 0
3 0 0
1 0 0
3 0 0
3 0 0
3 0 0
3 0 0
3 0 0
3 0 0
1 0 0
3 0 0
3 0 0
3 0 0
3 2422 0
3 0 0
3 0 0
1 0 0
3 0 0
3 0 0
3 2427 0
3 0 0
3 0 0
1 0 0
3 0 0
3 0 0
3 0 0
3 0 0
3 0 0
1 0 0
3 0 0
3 0 0
3 0 0
3 0 0
3 0 0
1 0 0
5 0 0
5 0 0
5 0 0
1 0 0
1 0 0
3 0 0
3 0 0
1 0 0
3 0 0
3 0 0
3 0 0
3 0 0
1 0 0
3 0 0
3 0 0
3 0 0
3 0 0
3 0 0
3 0 0
1 0 0
3 0 0
3 0 0
3 0 0
3 0 0
3 0 0
3 0 0
1 0 0
3 0 0
3 2510 0
3 0 0
3 0 0
3 0 0
3 0 0
1 0 0
3 0 0
3 0 0
3 0 0
3 0 0
3 0 0
3 0 0
1 0 0
3 0 0
3 0 0
3 0 0
3 0 0
3 0 0
1 0 0
3 0 0
3 0 0
3 0 0
3 0 0
3 0 0
1 0 0
3 2465 0
3 0 0
3 0 0
3 0 0
3 0 0
1 0 0
5 0 0
5 0 0
5 0 0
1 0 0
1 0 0
1 0 0
1 0 0
1 0 0
1 0 0
1 0 0
1 0 0
1 0 0
1 0 0
1 0 0
1 0 0
1 0 0
1 0 0
1 0 0
1 0 0
1 0 0
1 0 0
1 0 0
1 0 0
1 0 0
1 0 0
1 0 0
1 0 0
1 0 0
1 0 0
1 0 0
1 0 0
1 0 0
1 0 0
1 0 0
1 0 0
1 0 0
1 0 0
1 0 0
1 0 0
1 0 0
1 0 0
1 0 0
1 0 0
1 0 0
1 0 0
1 0 0
1 0 0
1 0 0
1 0 0
1 0 0
1 0 0
1 0 0
1 0 0
1 0 0
1 0 0
1 0 0
1 0 0
1 0 0
1 0 0
5 0 0
5 0 0
5 0 0
1 0 0
1 0 0
3 2411 0
3 0 0
1 0 0
3 0 0
3 2412 0
3 0 0
3 0 0
1 0 0
3 0 0
3 0 0
3 0 0
3 0 0
3 0 0
3 0 0
1 0 0
3 2432 0
3 0 0
3 0 0
3 0 0
3 0 0
3 0 0
1 0 0
3 0 0
3 0 0
3 0 0
3 2419 0
3 0 0
3 0 0
1 0 0
3 0 0
3 2421 0
3 0 0
3 0 0
3 0 0
3 0 0
1 0 0
3 0 0
3 0 0
3 0 0
3 0 0
3 0 0
1 0 0
3 0 0
3 0 0
3 0 0
3 0 0
3 0 0
1 0 0
3 0 0
3 0 0
3 0 0
3 0 0
3 0 0
1 0 0
5 0 0
5 0 0
5 0 0
1 0 0
1 0 0
3 0 0
3 0 0
1 0 0
3 0 0
3 0 0
3 0 0
3 0 0
1 0 0
3 0 0
3 0 0
3 0 0
3 0 0
3 0 0
3 0 0
1 0 0
3 0 0
3 0 0
3 0 0
3 0 0
3 2416 0
3 0 0
1 0 0
3 0 0
3 0 0
3 0 0
3 0 0
3 0 0
3 0 0
1 0 0
3 0 0
3 0 0
3 0 0
3 0 0
3 0 0
3 0 0
1 0 0
3 0 0
3 0 0
3 0 0
3 0 0
3 0 0
1 0 0
3 2476 0
3 0 0
3 0 0
3 0 0
3 0 0
1 0 0
3 0 0
3 2499 0
3 0 0
3 0 0
3 0 0
1 0 0
5 0 0
5 0 0
5 0 0
1 0 0
1 0 0
1 0 0
1 0 0
1 0 0
1 0 0
1 0 0
1 0 0
1 0 0
1 0 0
1 0 0
1 0 0
1 0 0
1 0 0
1 0 0
1 0 0
1 0 0
1 0 0
1 0 0
1 0 0
1 0 0
1 0 0
1 0 0
1 0 0
1 0 0
1 0 0
1 0 0
1 0 0
1 0 0
1 0 0
1 0 0
1 0 0
1 0 0
1 0 0
1 0 0
1 0 0
1 0 0
1 0 0
1 0 0
1 0 0
1 0 0
1 0 0
1 0 0
1 0 0
1 0 0
1 0 0
1 0 0
1 0 0
1 0 0
1 0 0
1 0 0
1 0 0
1 0 0
1 0 0
1 0 0
1 0 0
5 0 0
5 0 0
5 0 0
1 0 0
1 0 0
3 0 0
3 0 0
1 0 0
3 0 0
3 0 0
3 0 0
3 0 0
1 0 0
3 0 0
3 0 0
3 0 0
3 0 0
3 0 0
3 2431 0
1 0 0
3 0 0
3 0 0
3 2494 0
3 0 0
3 0 0
3 0 0
1 0 0
3 0 0
3 0 0
3 0 0
3 0 0
3 0 0
3 0 0
1 0 0
3 0 0
3 0 0
3 0 0
3 0 0
3 0 0
3 0 0
1 0 0
3 0 0
3 0 0
3 0 0
3 0 0
3 0 0
1 0 0
3 0 0
3 0 0
3 0 0
3 0 0
3 0 0
1 0 0
3 0 0
3 0 0
3 0 0
3 0 0
3 0 0
1 0 0
5 0 0
5 0 0
5 0 0
1 0 0
1 0 0
3 0 0
3 0 0
1 0 0
3 0 0
3 0 0
3 0 0
3 2413 0
1 0 0
3 0 0
3 0 0
3 0 0
3 0 0
3 0 0
3 0 0
1 0 0
3 0 0
3 0 0
3 0 0
3 0 0
3 0 0
3 0 0
1 0 0
3 0 0
3 0 0
3 2473 0
3 0 0
3 0 0
3 0 0
1 0 0
3 0 0
3 0 0
3 0 0
3 2424 0
3 0 0
3 0 0
1 0 0
3 0 0
3 2428 0
3 0 0
3 0 0
3 0 0
1 0 0
3 0 0
3 0 0
3 0 0
3 0 0
3 0 0
1 0 0
3 0 0
3 0 0
3 0 0
3 0 0
3 2500 0
1 0 0
5 0 0
5 0 0
5 0 0
1 0 0
1 0 0
1 0 0
1 0 0
1 0 0
1 0 0
1 0 0
1 0 0
1 0 0
1 0 0
1 0 0
1 0 0
1 0 0
1 0 0
1 0 0
1 0 0
1 0 0
1 0 0
1 0 0
1 0 0
1 0 0
1 0 0
1 0 0
1 0 0
1 0 0
1 0 0
1 0 0
1 0 0
1 0 0
1 0 0
1 0 0
1 0 0
1 0 0
1 0 0
1 0 0
1 0 0
1 0 0
1 0 0
1 0 0
1 0 0
1 0 0
1 0 0
1 0 0
1 0 0
1 0 0
1 0 0
1 0 0
1 0 0
1 0 0
1 0 0
1 0 0
1 0 0
1 0 0
1 0 0
1 0 0
1 0 0
5 0 0
5 0 0
5 0 0
1 0 0
1 0 0
3 0 0
3 0 0
1 0 0
3 0 0
3 0 0
3 0 0
3 0 0
1 0 0
6 0 0
6 0 0
3 0 0
3 0 0
3 0 0
3 0 0
1 0 0
3 0 0
3 0 0
3 0 0
6 0 0
6 0 0
3 2417 0
1 0 0
3 0 0
3 0 0
3 2487 0
3 0 0
3 0 0
3 0 0
1 0 0
6 0 0
6 0 0
3 2490 0
3 0 0
3 0 0
3 0 0
1 0 0
3 0 0
3 0 0
3 0 0
6 0 0
6 0 0
1 0 0
3 0 0
3 0 0
3 2469 0
3 0 0
3 0 0
1 0 0
3 0 0
3 0 0
6 0 0
6 0 0
3 0 0
1 0 0
5 0 0
5 0 0
5 2 0
2 1 0
1 0 0
3 0 0
3 0 0
1 0 0
3 0 0
3 0 0
3 0 0
3 0 0
1 0 0
6 0 0
6 0 0
3 2414 0
3 0 0
3 0 0
3 0 0
1 0 0
3 0 0
3 0 0
3 0 0
6 0 0
6 0 0
3 0 0
1 0 0
3 0 0
3 0 0
3 0 0
3 0 0
3 0 0
3 0 0
1 0 0
6 0 0
6 0 0
3 0 0
3 0 0
3 0 0
3 0 0
1 0 0
3 0 0
3 0 0
3 0 0
6 0 0
6 0 0
1 0 0
3 0 0
3 0 0
3 0 0
3 0 0
3 0 0
1 0 0
3 0 0
3 2466 0
6 0 0
6 0 0
3 0 0
1 0 0
1 0 0
1 0 0
1 0 0
1 0 0
1 0 0
1 0 0
1 0 0
1 0 0
1 0 0
1 0 0
1 0 0
1 0 0
1 0 0
1 0 0
1 0 0
1 0 0
1 0 0
1 0 0
1 0 0
1 0 0
1 0 0
1 0 0
1 0 0
1 0 0
1 0 0
1 0 0
1 0 0
1 0 0
1 0 0
1 0 0
1 0 0
1 0 0
1 0 0
1 0 0
1 0 0
1 0 0
1 0 0
1 0 0
1 0 0
1 0 0
1 0 0
1 0 0
1 0 0
1 0 0
1 0 0
1 0 0
1 0 0
1 0 0
1 0 0
1 0 0
1 0 0
1 0 0
1 0 0
1 0 0
1 0 0
1 0 0
1 0 0
1 0 0
1 0 0
1 0 0
1 0 0
1 0 0
1 0 0
1 0 0
3 0 0
3 0 0
1 0 0
3 0 0
3 0 0
3 2506 0
3 0 0
1 0 0
3 0 0
3 0 0
3 0 0
3 0 0
3 0 0
3 0 0
1 0 0
3 0 0
3 0 0
3 2479 0
3 0 0
3 0 0
3 0 0
1 0 0
3 0 0
3 0 0
3 0 0
3 0 0
3 0 0
3 0 0
1 0 0
3 0 0
3 2445 0
3 0 0
3 0 0
3 0 0
3 0 0
1 0 0
3 0 0
3 0 0
3 0 0
3 0 0
3 0 0
1 0 0
3 0 0
3 0 0
3 0 0
3 0 0
3 2480 0
1 0 0
3 0 0
3 0 0
3 0 0
3 2497 0
3 0 0
1 0 0
1 0 0
1 0 0
1 0 0
1 0 0
1 0 0
3 0 0
3 2426 0
1 0 0
3 0 0
3 0 0
3 0 0
3 0 0
1 0 0
3 0 0
3 0 0
3 0 0
3 0 0
3 0 0
3 2415 0
1 0 0
3 0 0
3 0 0
3 0 0
3 0 0
3 0 0
3 0 0
1 0 0
3 0 0
3 2418 0
3 0 0
3 0 0
3 0 0
3 0 0
1 0 0
3 0 0
3 0 0
3 0 0
3 0 0
3 0 0
3 0 0
1 0 0
3 0 0
3 0 0
3 2447 0
3 0 0
3 0 0
1 0 0
3 0 0
3 0 0
3 0 0
3 0 0
3 0 0
1 0 0
3 0 0
3 0 0
3 0 0
3 0 0
3 0 0
1 0 0
1 0 0
1 0 0
1 0 0
1 0 0
1 0 0
1 0 0
1 0 0
1 0 0
1 0 0
1 0 0
1 0 0
1 0 0
1 0 0
1 0 0
1 0 0
1 0 0
1 0 0
1 0 0
1 0 0
1 0 0
1 0 0
1 0 0
1 0 0
1 0 0
1 0 0
1 0 0
1 0 0
1 0 0
1 0 0
1 0 0
1 0 0
1 0 0
1 0 0
1 0 0
1 0 0
1 0 0
1 0 0
1 0 0
1 0 0
1 0 0
1 0 0
1 0 0
1 0 0
1 0 0
1 0 0
1 0 0
1 0 0
1 0 0
1 0 0
1 0 0
1 0 0
1 0 0
1 0 0
1 0 0
1 0 0
1 0 0
1 0 0
1 0 0
1 0 0
1 0 0
1 0 0
1 0 0
1 0 0
1 0 0
3 0 0
3 0 0
1 0 0
3 0 0
3 0 0
3 0 0
3 0 0
1 0 0
3 0 0
3 0 0
3 0 0
3 0 0
3 0 0
3 0 0
1 0 0
3 0 0
3 0 0
3 0 0
3 0 0
3 0 0
3 2430 0
1 0 0
3 0 0
3 0 0
3 0 0
3 0 0
3 0 0
3 0 0
1 0 0
3 0 0
3 0 0
3 0 0
3 2429 0
3 0 0
3 0 0
1 0 0
3 0 0
3 0 0
3 0 0
3 0 0
3 0 0
1 0 0
3 0 0
3 0 0
3 0 0
3 0 0
3 0 0
1 0 0
3 0 0
3 0 0
3 2467 0
3 0 0
3 0 0
1 0 0
1 0 0
1 0 0
1 0 0
1 0 0
1 0 0
3 0 0
3 0 0
1 0 0
3 0 0
3 0 0
3 0 0
3 0 0
1 0 0
3 2423 0
3 0 0
3 0 0
3 0 0
3 0 0
3 0 0
1 0 0
3 0 0
3 0 0
3 0 0
3 0 0
3 0 0
3 0 0
1 0 0
3 0 0
3 0 0
3 0 0
3 0 0
3 0 0
3 0 0
1 0 0
3 0 0
3 0 0
3 0 0
3 0 0
3 0 0
3 0 0
1 0 0
3 2502 0
3 0 0
3 0 0
3 0 0
3 0 0
1 0 0
3 0 0
3 0 0
3 2471 0
3 0 0
3 0 0
1 0 0
3 0 0
3 0 0
3 0 0
3 0 0
3 0 0
1 0 0
1 0 0
1 0 0
1 0 0
1 0 0
1 0 0
1 0 0
1 0 0
1 0 0
1 0 0
1 0 0
1 0 0
1 0 0
1 0 0
1 0 0
1 0 0
1 0 0
1 0 0
1 0 0
1 0 0
1 0 0
1 0 0
1 0 0
1 0 0
1 0 0
1 0 0
1 0 0
1 0 0
1 0 0
1 0 0
1 0 0
1 0 0
1 0 0
1 0 0
1 0 0
1 0 0
1 0 0
1 0 0
1 0 0
1 0 0
1 0 0
1 0 0
1 0 0
1 0 0
1 0 0
1 0 0
1 0 0
1 0 0
1 0 0
1 0 0
1 0 0
1 0 0
1 0 0
1 0 0
1 0 0
1 0 0
1 0 0
1 0 0
1 0 0
1 0 0
1 0 0
1 0 0
1 0 0
1 0 0
1 0 0
3 0 0
3 2451 0
1 0 0
3 0 0
3 0 0
3 0 0
3 0 0
1 0 0
3 0 0
3 0 0
3 0 0
3 0 0
3 0 0
3 0 0
1 0 0
3 0 0
3 2420 0
3 0 0
3 0 0
3 0 0
3 0 0
1 0 0
3 0 0
3 0 0
3 0 0
3 2443 0
3 0 0
3 0 0
1 0 0
3 0 0
3 0 0
3 0 0
3 0 0
3 0 0
3 2433 0
1 0 0
3 0 0
3 0 0
3 0 0
3 0 0
3 0 0
1 0 0
3 2491 0
3 0 0
3 0 0
3 0 0
3 0 0
1 0 0
3 0 0
3 0 0
3 0 0
3 0 0
3 2474 0
1 0 0
1 0 0
1 0 0
1 0 0
1 0 0
1 0 0
3 0 0
3 0 0
1 0 0
3 0 0
3 0 0
3 0 0
3 0 0
1 0 0
3 0 0
3 0 0
3 0 0
3 0 0
3 0 0
3 0 0
1 0 0
3 0 0
3 0 0
3 0 0
3 0 0
3 0 0
3 0 0
1 0 0
3 0 0
3 0 0
3 0 0
3 0 0
3 0 0
3 0 0
1 0 0
3 2448 0
3 0 0
3 0 0
3 0 0
3 0 0
3 0 0
1 0 0
3 0 0
3 0 0
3 0 0
3 0 0
3 0 0
1 0 0
3 0 0
3 0 0
3 0 0
3 0 0
3 0 0
1 0 0
3 0 0
3 0 0
3 0 0
3 0 0
3 0 0
1 0 0
1 0 0
1 0 0
1 0 0
1 0 0
1 0 0
1 0 0
1 0 0
1 0 0
1 0 0
1 0 0
1 0 0
1 0 0
1 0 0
1 0 0
1 0 0
1 0 0
1 0 0
1 0 0
1 0 0
1 0 0
1 0 0
1 0 0
1 0 0
1 0 0
1 0 0
1 0 0
1 0 0
1 0 0
1 0 0
1 0 0
1 0 0
1 0 0
1 0 0
1 0 0
1 0 0
1 0 0
1 0 0
1 0 0
1 0 0
1 0 0
1 0 0
1 0 0
1 0 0
1 0 0
1 0 0
1 0 0
1 0 0
1 0 0
1 0 0
1 0 0
1 0 0
1 0 0
1 0 0
1 0 0
1 0 0
1 0 0
1 0 0
1 0 0
1 0 0
1 0 0
1 0 0
1 0 0
1 0 0
1 0 0
3 0 0
3 0 0
1 0 0
3 0 0
3 0 0
3 0 0
3 2444 0
1 0 0
6 0 0
6 0 0
3 0 0
3 0 0
3 0 0
3 0 0
1 0 0
3 0 0
3 0 0
3 2508 0
6 0 0
6 0 0
3 0 0
1 0 0
3 0 0
3 0 0
3 0 0
3 0 0
3 0 0
3 2477 0
1 0 0
6 0 0
6 0 0
3 2504 0
3 0 0
3 0 0
3 0 0
1 0 0
3 0 0
3 0 0
3 0 0
6 0 0
6 0 0
1 0 0
3 0 0
3 0 0
3 0 0
3 0 0
3 0 0
1 0 0
3 0 0
3 0 0
6 0 0
6 0 0
3 0 0
1 0 0
1 0 0
1 0 0
1 0 0
1 0 0
1 0 0
3 0 0
3 0 0
1 0 0
3 0 0
3 0 0
3 0 0
3 0 0
1 0 0
6 0 0
6 0 0
3 0 0
3 0 0
3 0 0
3 0 0
1 0 0
3 0 0
3 0 0
3 0 0
6 0 0
6 0 0
3 0 0
1 0 0
3 0 0
3 0 0
3 0 0
3 0 0
3 0 0
3 0 0
1 0 0
6 0 0
6 0 0
3 0 0
3 0 0
3 0 0
3 0 0
1 0 0
3 0 0
3 0 0
3 2457 0
6 0 0
6 0 0
1 0 0
3 0 0
3 0 0
3 0 0
3 0 0
3 2460 0
1 0 0
3 0 0
3 0 0
6 0 0
6 0 0
3 0 0
1 0 0
1 0 0
1 0 0
1 0 0
1 0 0
1 0 0
1 0 0
1 0 0
1 0 0
1 0 0
1 0 0
1 0 0
1 0 0
1 0 0
1 0 0
1 0 0
1 0 0
1 0 0
1 0 0
1 0 0
1 0 0
1 0 0
1 0 0
1 0 0
1 0 0
1 0 0
1 0 0
1 0 0
1 0 0
1 0 0
1 0 0
1 0 0
1 0 0
1 0 0
1 0 0
1 0 0
1 0 0
1 0 0
1 0 0
1 0 0
1 0 0
1 0 0
1 0 0
1 0 0
1 0 0
1 0 0
1 0 0
1 0 0
1 0 0
1 0 0
1 0 0
1 0 0
1 0 0
1 0 0
1 0 0
1 0 0
1 0 0
1 0 0
1 0 0
1 0 0
1 0 0
1 0 0
1 0 0
1 0 0
1 0 0
3 2435 0
3 0 0
1 0 0
3 0 0
3 0 0
3 0 0
3 0 0
1 0 0
3 0 0
3 0 0
3 0 0
3 0 0
3 0 0
3 0 0
1 0 0
3 0 0
3 2439 0
3 0 0
3 0 0
3 0 0
3 0 0
1 0 0
3 0 0
3 0 0
3 2493 0
3 0 0
3 0 0
3 0 0
1 0 0
3 0 0
3 2452 0
3 0 0
3 0 0
3 0 0
3 0 0
1 0 0
3 0 0
3 0 0
3 0 0
3 0 0
3 0 0
1 0 0
3 0 0
3 0 0
3 0 0
3 0 0
3 0 0
1 0 0
3 0 0
3 0 0
3 0 0
3 0 0
3 2468 0
1 0 0
1 0 0
1 0 0
1 0 0
1 0 0
1 0 0
3 0 0
3 0 0
1 0 0
3 0 0
3 0 0
3 0 0
3 0 0
1 0 0
3 0 0
3 0 0
3 2449 0
3 0 0
3 0 0
3 0 0
1 0 0
3 0 0
3 0 0
3 0 0
3 0 0
3 0 0
3 0 0
1 0 0
3 0 0
3 0 0
3 0 0
3 0 0
3 0 0
3 0 0
1 0 0
3 0 0
3 0 0
3 0 0
3 0 0
3 0 0
3 0 0
1 0 0
3 0 0
3 0 0
3 0 0
3 0 0
3 2456 0
1 0 0
3 0 0
3 0 0
3 0 0
3 0 0
3 0 0
1 0 0
3 0 0
3 0 0
3 0 0
3 0 0
3 0 0
1 0 0
1 0 0
1 0 0
1 0 0
1 0 0
1 0 0
1 0 0
1 0 0
1 0 0
1 0 0
1 0 0
1 0 0
1 0 0
1 0 0
1 0 0
1 0 0
1 0 0
1 0 0
1 0 0
1 0 0
1 0 0
1 0 0
1 0 0
1 0 0
1 0 0
1 0 0
1 0 0
1 0 0
1 0 0
1 0 0
1 0 0
1 0 0
1 0 0
1 0 0
1 0 0
1 0 0
1 0 0
1 0 0
1 0 0
1 0 0
1 0 0
1 0 0
1 0 0
1 0 0
1 0 0
1 0 0
1 0 0
1 0 0
1 0 0
1 0 0
1 0 0
1 0 0
1 0 0
1 0 0
1 0 0
1 0 0
1 0 0
1 0 0
1 0 0
1 0 0
1 0 0
1 0 0
1 0 0
1 0 0
1 0 0
3 0 0
3 0 0
1 0 0
3 0 0
3 0 0
3 2436 0
3 0 0
1 0 0
3 0 0
3 0 0
3 0 0
3 0 0
3 0 0
3 0 0
1 0 0
3 0 0
3 0 0
3 0 0
3 0 0
3 0 0
3 0 0
1 0 0
3 0 0
3 2442 0
3 0 0
3 0 0
3 0 0
3 0 0
1 0 0
3 0 0
3 0 0
3 0 0
3 0 0
3 0 0
3 2453 0
1 0 0
3 0 0
3 0 0
3 2486 0
3 0 0
3 0 0
1 0 0
3 0 0
3 0 0
3 0 0
3 0 0
3 0 0
1 0 0
3 0 0
3 0 0
3 0 0
3 0 0
3 0 0
1 0 0
1 0 0
1 0 0
1 0 0
1 0 0
1 0 0
3 2438 0
3 0 0
1 0 0
3 0 0
3 0 0
3 0 0
3 0 0
1 0 0
3 0 0
3 0 0
3 0 0
3 2483 0
3 0 0
3 0 0
1 0 0
3 0 0
3 0 0
3 2450 0
3 0 0
3 0 0
3 0 0
1 0 0
3 0 0
3 0 0
3 0 0
3 0 0
3 0 0
3 0 0
1 0 0
3 0 0
3 0 0
3 0 0
3 0 0
3 0 0
3 0 0
1 0 0
3 0 0
3 0 0
3 0 0
3 0 0
3 0 0
1 0 0
3 0 0
3 0 0
3 0 0
3 0 0
3 2461 0
1 0 0
3 0 0
3 0 0
3 0 0
3 0 0
3 0 0
1 0 0
1 0 0
1 0 0
1 0 0
1 0 0
1 0 0
1 0 0
1 0 0
1 0 0
1 0 0
1 0 0
1 0 0
1 0 0
1 0 0
1 0 0
1 0 0
1 0 0
1 0 0
1 0 0
1 0 0
1 0 0
1 0 0
1 0 0
1 0 0
1 0 0
1 0 0
1 0 0
1 0 0
1 0 0
1 0 0
1 0 0
1 0 0
1 0 0
1 0 0
1 0 0
1 0 0
1 0 0
1 0 0
1 0 0
1 0 0
1 0 0
1 0 0
1 0 0
1 0 0
1 0 0
1 0 0
1 0 0
1 0 0
1 0 0
1 0 0
1 0 0
1 0 0
1 0 0
1 0 0
1 0 0
1 0 0
1 0 0
1 0 0
1 0 0
1 0 0
1 0 0
1 0 0
1 0 0
1 0 0
1 0 0
3 0 0
3 0 0
1 0 0
3 0 0
3 0 0
3 0 0
3 2437 0
1 0 0
3 0 0
3 0 0
3 0 0
3 0 0
3 0 0
3 0 0
1 0 0
3 0 0
3 0 0
3 0 0
3 0 0
3 0 0
3 0 0
1 0 0
3 0 0
3 0 0
3 0 0
3 2454 0
3 0 0
3 0 0
1 0 0
3 0 0
3 0 0
3 0 0
3 0 0
3 0 0
3 0 0
1 0 0
3 0 0
3 2472 0
3 0 0
3 0 0
3 0 0
1 0 0
3 0 0
3 0 0
3 0 0
3 0 0
3 0 0
1 0 0
3 0 0
3 0 0
3 0 0
3 2462 0
3 0 0
1 0 0
1 0 0
1 0 0
1 0 0
1 0 0
1 0 0
1 0 0
1 0 0
1 0 0
1 0 0
1 0 0
1 0 0
1 0 0
1 0 0
1 0 0
1 0 0
1 0 0
1 0 0
1 0 0
1 0 0
1 0 0
1 0 0
1 0 0
1 0 0
1 0 0
1 0 0
1 0 0
1 0 0
1 0 0
1 0 0
1 0 0
1 0 0
1 0 0
1 0 0
1 0 0
1 0 0
1 0 0
1 0 0
1 0 0
1 0 0
1 0 0
1 0 0
1 0 0
1 0 0
1 0 0
1 0 0
1 0 0
1 0 0
1 0 0
1 0 0
1 0 0
1 0 0
1 0 0
1 0 0
1 0 0
1 0 0
1 0 0
1 0 0
1 0 0
1 0 0
1 0 0
1 0 0
1 0 0
1 0 0
